8709
13451
21110
1131
8689
26619
5185
18575
23662
24955
15761
19673
15315
15980
1996
13779
21501
23251
11465
6290
14580
7373
4078
8628
25687
9817
23564
29547
12055
3631
1461
22416
19414
24869
7150
5357
6294
7737
11638
11026
10480
10970
18697
8719
1472
21672
13592
12490
17920
11776
25933
28504
22086
6918
28011
11022
2826
25372
6080
11942
679
19166
28230
24359
12599
28752
11167
18024
20386
21293
13431
15935
16540
27014
22380
17739
9922
15686
18665
1428
661
622
6869
8027
21941
15426
17692
20655
7600
20796
16460
21593
5254
396
13390
19949
27272
5639
22484
15311
22688
3032
10840
4418
28570
14821
3892
13747
5858
14182
28654
9089
27446
25260
21975
17024
12358
15196
11694
3126
4571
7868
19993
3254
20376
20956
22995
11605
12747
22280
3536
2853
4300
28621
5267
14894
24687
19102
21336
19973
1337
1758
647
9153
155
3185
11922
26114
4949
12870
13240
24978
13489
23556
2739
14818
9653
4694
282
2683
15086
21294
24929
27785
5807
10176
7695
20300
15934
2351
11176
21657
18643
19149
14261
25488
14266
21308
18292
1591
2504
13226
19421
7741
5041
24157
18571
13793
9804
11363
6880
5297
15631
25723
20342
3457
12352
11328
4281
20207
14065
20909
3627
9471
10151
26722
15923
2382
9838
637
11573
17718
12722
9506
27407
13020
17640
15672
27940
28410
27888
10718
21838
2119
27492
24015
17940
20411
28357
17214
19440
2568
9856
28924
9305
28347
21841
23797
18947
14864
15018
12173
29099
15138
11977
20180
251
19835
7611
22274
16599
12699
19197
1372
24977
23623
26318
1228
26171
3047
11767
949
21351
10352
16775
18075
27483
20425
11773
1073
27568
6328
3534
19962
18084
4443
14272
8792
2257
15089
7354
979
16406
8676
27435
18027
19417
2197
23338
20412
21911
1076
3228
9549
5469
1498
29374
24514
2179
19193
21217
28425
27791
11080
4327
1481
4366
16578
6635
28184
11670
5470
17418
7624
12230
5445
13124
5300
14887
5833
21728
5856
25820
29146
27951
2764
14482
25058
29385
26128
22126
25318
29202
23283
17331
16787
6672
10373
3075
19913
18599
28992
11784
13050
13784
9563
5197
10329
21092
5086
26351
22382
24835
10157
4396
9469
17606
22218
19813
15400
192
12220
13737
24503
26378
27396
15637
26394
26806
21869
21601
10596
25483
10388
8277
10014
22853
6840
11734
23781
19924
19416
28770
22630
21983
27779
27625
15874
15654
19514
5950
1831
28391
3555
7203
13635
5598
14072
28370
14020
24196
13320
12899
12977
1280
10948
25840
22732
5334
13776
22393
7963
10678
22016
3719
6028
27155
4775
528
2416
6191
28401
22505
4270
23861
19337
13112
6878
7812
8278
29330
2159
11604
10247
14902
29231
1903
1878
217
8511
4926
18771
2655
20751
12666
22034
17926
12886
27927
17087
4691
14922
15617
28803
16939
3458
24528
17218
17483
28791
29490
5845
4335
9162
14407
2319
26959
11280
15450
24457
23549
22390
11868
21503
11951
6461
14242
13070
25407
24073
7188
18632
24385
10673
4381
4794
3941
15352
27448
16500
19381
26050
2198
16464
14014
19891
19616
13749
26404
10726
20585
21186
18824
8535
12606
2367
22246
3417
28746
24763
24711
17136
11083
9284
29473
21919
5094
7682
15584
5796
7706
10702
15663
3626
2722
26614
26860
12686
696
25386
19431
16529
18180
18736
26871
10325
18712
20946
25213
23066
20190
24064
5814
4709
539
24541
17058
1392
23971
911
749
4520
21533
20800
5740
9846
347
19394
10649
4332
16320
17088
6331
15021
22012
21844
25352
18271
28342
27906
28484
21071
2379
6741
13734
21865
21482
1666
17060
17013
25792
28885
26737
6569
7208
25651
763
20979
7927
28271
12512
24986
27821
25142
25526
16836
15534
26744
21783
574
19829
18213
13285
17061
26665
7061
22148
18522
22313
17470
230
22556
8842
943
3482
20724
18515
4411
9111
19458
23628
22168
29204
7692
11851
12209
22836
27514
19309
26583
7133
2445
27257
17328
13460
23520
6357
14917
7037
2128
4846
5912
8313
7560
7071
2291
11679
8296
5157
28917
27955
26523
3462
22489
18868
15320
26789
16305
10680
20255
5848
25338
29095
2160
24537
5661
12259
4039
21979
26160
1000
29418
17657
3590
9340
21668
14292
17921
14450
4172
7856
15785
28411
28181
4047
6431
7004
23214
21796
6665
23192
15661
25793
25830
7059
13888
12285
13569
17119
22529
11329
17959
13039
21094
14226
13471
3369
4758
29464
14400
15811
23782
1222
11687
10928
20896
4644
262
1335
27441
5705
4807
26308
17446
28653
16644
25510
7045
27765
22731
11524
23928
1773
24306
29364
29269
2270
21758
8439
27050
7248
14794
14780
1713
24598
471
3740
9242
3723
29224
6242
7304
6036
28465
12865
15915
27117
15390
18306
25380
11664
10481
26493
23134
23282
26144
20622
663
18805
24554
8234
10893
18730
29008
17117
19951
3533
14119
28985
27509
9991
11471
6148
22889
10655
5151
7173
10145
14855
4127
3190
3377
6465
20668
21390
16849
6531
13716
16663
16463
10524
4499
19177
16754
22359
26083
26754
12240
21454
27944
15734
6947
22547
28519
21995
6927
11452
29076
26288
24844
16918
26655
19466
24486
9522
8528
22113
6728
19340
7668
9312
19699
9069
12754
17835
22524
9087
22577
11
29203
7552
14624
14552
19632
12938
21067
10097
3852
26332
25177
8993
15886
7400
20721
28453
8637
24746
21548
23143
19217
20021
29377
1547
23381
25656
12284
7389
11203
11578
29344
9317
8816
11623
17846
26402
143
25863
4761
29197
5797
20831
25960
2613
8966
21702
24428
24221
973
4939
28668
2740
3382
21393
29383
2865
17459
18289
23831
21788
19021
28641
6274
8359
8357
18967
24022
6792
14144
15535
14515
27452
16944
28008
11194
7070
23475
28631
22179
18990
27196
11888
11016
10188
28463
15258
6908
9030
26559
21954
25086
18072
18361
2963
8739
18346
15019
4351
12162
14567
2669
24402
18167
4953
8163
1630
2626
7409
27897
2410
15606
22958
20094
20631
12514
7917
6630
22240
23235
28164
13576
26087
14523
13883
16762
3101
28466
20578
12426
2356
14603
12174
1852
6951
8669
9053
14399
567
20127
12431
8024
27028
15446
27467
8443
9709
1313
9944
25423
19881
23045
28124
22607
21426
1237
29287
554
8510
14120
17535
19556
15721
2438
25948
1415
16331
15405
1325
26168
28368
23793
17114
20756
25345
1539
27599
23873
15298
15222
5952
2495
27508
16348
11196
16103
28112
8149
26576
29155
2919
12395
4538
1014
789
15073
6163
27501
2945
13450
5680
24871
8327
15069
8662
20187
10193
21715
28687
20456
21946
11345
20484
12735
21840
4783
16084
19405
8680
12737
21567
26042
15645
1739
22887
8497
14415
7469
13701
8257
1254
4479
7179
19095
15065
16033
19258
4260
7654
15344
14169
21120
11000
22371
9195
13494
28945
29083
19026
22043
3926
27539
27346
18583
24747
224
12736
8358
9828
398
14154
13179
26464
6961
24685
25366
26546
5454
16276
20727
11864
5834
4918
5315
8261
18925
4067
23331
27035
15549
21468
16420
10999
17550
25329
23019
12910
25169
8385
24971
4958
3804
26341
7096
9671
21952
20846
26699
6203
22749
29084
7975
18672
20015
14294
18353
3151
8107
7230
24070
2835
527
11127
15799
414
20297
5697
8668
4408
17290
27458
16077
26618
29247
25193
20206
25249
19890
15159
14395
4510
7943
14071
15805
24394
21372
21337
17958
15173
25381
23884
20146
7015
9236
9912
23321
16624
17169
967
3809
16818
5873
16566
16109
6864
2535
7356
2099
7827
11857
23007
17770
26972
12647
21056
5529
25309
215
21377
1909
5058
12300
12586
18741
10381
7990
21113
1242
20358
20803
8038
7822
9542
11330
3752
27737
26007
5014
20279
23676
6352
12853
19637
17431
2656
24193
11802
19733
4595
14048
18611
7718
24332
7754
5310
25666
24849
6337
15322
8850
11939
6542
28216
6394
27511
12656
11225
3350
16972
937
26771
7105
6740
23327
12394
2771
15081
8943
26483
28438
21431
14488
24726
24517
15817
7417
11983
24848
24534
6820
15498
15350
14853
20572
9829
8304
10929
3423
28709
3219
28340
12674
6096
24194
5863
13247
8494
29465
14393
24907
26894
14068
15918
24601
17533
26788
8978
20464
8287
9665
13884
4336
4038
17020
6546
7432
9988
29147
9632
12837
29072
10878
6299
28103
19171
11375
7262
14138
14531
18937
9450
29539
17592
28975
19501
13153
4238
25770
18630
12717
26357
19111
24806
18517
10642
20816
24026
14498
14643
20641
11396
21565
5813
27149
14533
14995
16846
26575
22235
11969
5551
14447
3313
2373
4795
17771
26883
22164
16757
13736
28057
28382
24447
3329
23698
7995
20768
9946
1838
18731
9335
28378
11435
26420
18841
29331
23878
1285
12252
24230
17223
13011
6576
997
20626
8643
11790
21815
24352
5638
5655
4125
13054
21862
17945
24223
8236
3677
27952
17619
13878
23308
7083
19885
13430
4254
21620
8584
3803
5429
5009
27659
12410
7773
5836
1390
4960
27513
9192
6319
7719
13394
18843
15820
18286
1010
26858
18624
5122
18328
23900
5098
22583
9711
20932
8049
2199
8389
1034
18200
28790
23161
4819
22131
12161
6805
6757
21973
27965
13092
4497
23604
17517
19668
24886
619
27928
27961
25733
6246
1379
8187
26800
11457
28059
19796
4262
29149
8901
16974
4339
5725
3720
16821
9620
12738
20595
2542
14471
13518
22319
13644
432
3937
6104
4014
25424
15716
4938
2426
28765
3295
24969
3651
6268
4831
1507
24856
5227
23304
16165
27722
12933
2968
19284
24139
8775
6621
28665
28593
6398
25839
18516
3277
3850
9290
23541
18839
22567
1329
16550
12632
22908
16653
4993
3544
3935
24964
12175
25881
7542
12687
25331
10908
19539
23284
646
9669
12400
14976
21881
26298
11652
17549
29223
25781
17449
6435
20444
3438
6770
8294
6548
28068
15491
27968
11946
21091
27760
10933
19312
14809
5462
28675
20490
9165
6541
12705
17775
8996
17732
9640
3503
25096
2929
25135
1563
2610
11963
530
3889
23108
13771
5738
22711
11269
13975
2898
8479
20594
5011
21427
11916
3647
10694
22734
21197
28836
27603
29137
13160
13891
15034
201
11029
5487
17407
700
12364
3760
14925
24425
6796
29334
10616
6738
17929
22594
11204
28189
9486
12670
19702
1155
22317
6839
2971
24922
28664
19615
1995
504
14153
22244
6718
22560
23399
20597
25420
16202
4814
1487
2181
27989
23914
72
2273
21561
6842
10298
14919
13954
26969
26564
24440
3857
16612
10635
24344
19859
19974
25090
28785
2684
1312
20340
11523
9802
17653
7323
5337
27707
20568
17400
15921
15192
9502
24851
7704
4913
5077
14942
20551
23748
682
9381
1119
3324
13686
17396
9567
1707
28418
25925
11041
20389
2729
26716
21883
28221
11624
22706
9589
11174
178
25640
5818
5896
13388
223
10340
13341
28270
7089
7119
17273
27794
23851
993
23207
2033
4498
16409
13079
5539
21690
1349
24671
6680
10224
20955
2753
11725
28710
3362
476
18654
5458
1694
6766
7505
255
21458
5380
2762
17277
13412
14694
8838
15558
9948
3117
10334
15814
3444
24415
840
15750
28744
10414
7613
21146
8886
16609
14729
21955
7546
20343
3822
6329
4052
22232
17512
23499
819
4511
488
26884
13067
16633
26011
4641
7047
6007
23675
25227
19277
1494
7311
18765
20694
27670
6932
480
29123
14403
2927
24471
16748
26005
15609
8409
6371
14626
270
25917
14360
4022
953
2513
5393
9147
25694
16476
18687
17747
1663
22060
1109
24942
24732
7602
6180
18626
6247
2345
19320
14972
26314
19179
26254
18942
3223
1918
16323
22266
12640
19596
28097
25244
20605
4755
13483
13080
22017
21683
18275
18957
24107
24870
18706
21400
14989
8090
3887
27181
25871
24720
27415
11682
8006
21706
6861
8020
3821
26587
11561
22099
3815
27429
4111
2251
5480
7370
24780
26006
239
23204
17706
3390
17647
19344
8173
11076
27060
934
6158
25570
18612
24498
16110
7260
27443
1962
10393
26516
12541
7747
7456
11781
27895
3936
1885
3214
7580
20054
20529
27918
2942
8869
17968
8530
11921
17783
10240
25774
7572
20078
8693
18739
24645
2627
2578
6906
1772
28626
18834
13354
15791
9458
11849
768
366
22192
23482
23071
17371
4839
20698
12790
15838
10991
11889
6868
28930
23136
3492
3800
290
24001
13254
24075
9990
20029
6339
16913
1170
12036
14454
13556
18647
7269
17405
7631
17032
21709
11199
19175
14596
3445
20402
19897
14929
4528
27256
28135
18290
18758
18064
19247
18168
23223
8750
24496
12316
22499
7297
11793
8573
21965
15639
3698
10232
10617
21245
14728
14525
11676
5689
18371
17212
25179
22504
13911
18324
27998
4693
10868
1771
1241
29446
3755
18874
11018
7465
21962
6571
27151
11665
29117
6062
15079
4230
6592
14739
14575
20079
2086
22482
8798
19341
10000
24052
12132
2730
10272
23947
16138
1797
29167
14795
22977
6624
17794
9977
13754
19828
29295
10647
1086
6255
13380
6305
16067
1008
6909
7282
10264
24225
510
1501
123
11568
19894
6828
1819
16315
29442
20212
14960
4578
7372
13830
9985
14577
14252
26034
23606
6698
14159
9512
8193
22447
17682
6511
6767
8856
2274
13206
9609
28694
8851
23905
28433
18343
11832
23777
17232
1551
22546
10962
17197
4324
10404
14496
16376
4899
5330
6175
17376
6988
25336
599
4250
27828
23685
431
10543
20359
14115
341
7691
9210
3552
27893
8365
11958
25246
5053
15197
25353
241
20477
25914
11904
17081
14265
24862
12928
25222
18544
4919
12022
22420
19120
27600
19358
6652
5336
24933
28065
27763
24658
1037
9695
7090
8307
21273
2000
17132
24562
9363
15263
27371
20120
1122
18491
3088
7184
28266
833
29305
6154
11698
1340
6904
21723
27711
15542
20121
5370
11416
22797
6226
20449
23246
21288
18743
19751
3069
12444
20877
22421
25676
3406
20063
11159
26059
5590
4970
5133
27595
15831
11338
4887
12791
26605
19294
10872
17641
4279
5940
22522
15302
13537
12624
6565
21121
17642
24811
16926
25185
25565
11201
22330
28280
9258
5043
5087
11431
19690
12052
6734
4400
23779
15145
22
2872
12924
6701
8154
21914
5876
11079
13265
15887
6929
6596
1583
28769
16675
3766
4763
360
18002
10821
25339
1197
585
7399
5987
13799
743
27390
25029
10866
28017
24497
13685
13118
13349
13554
23990
26299
14301
12271
17073
15780
5468
21095
1354
25299
27191
24180
27135
7335
21050
19375
27092
17343
11073
3980
18202
17123
12045
27487
12559
19126
7314
24323
23049
29214
10207
917
6208
20699
12489
8911
19049
5503
5682
4808
12168
18433
28969
19029
4834
8081
281
2470
28348
7954
13965
10584
20661
5081
22456
22643
2876
28727
1717
451
4389
16607
20536
28947
27205
18273
24341
12758
7762
750
20555
14646
3082
10599
15345
23999
12433
14710
8706
4102
22947
21144
21739
26660
15602
10686
6597
18587
20827
22898
21315
2605
18465
24553
29265
1031
27811
27577
5591
6400
19435
10079
19671
28244
6815
25481
17671
6447
1644
25791
13559
20648
13375
7850
9881
26434
18149
23750
7977
11482
23278
14782
8702
5594
19759
7322
23094
11565
15171
23896
7966
1546
1290
28936
27587
7748
5851
7736
28035
22846
5667
18269
11926
16184
12560
17451
29090
17476
25297
3433
2899
25969
16519
1080
1003
17393
15189
25263
9066
7103
20859
4858
6147
11612
8766
16605
24921
14590
9894
10882
18284
25415
2690
19361
14227
26121
24841
6085
15401
20643
7989
27375
2742
10633
5403
2992
16975
16177
9503
7893
16722
5957
4637
2432
15359
10390
16205
24087
6438
18196
21152
26146
624
18572
62
1140
23187
27261
3510
14661
3239
2570
9548
3176
18388
11850
2262
2999
27981
4683
12610
5821
12520
5799
27198
509
6287
13498
7169
24334
2322
23031
9883
21632
10026
9532
4892
29529
24307
25412
13244
11028
533
9329
2699
8763
14078
7220
15512
5803
20943
10343
18365
2891
17914
26459
4757
13589
20716
28525
3326
11448
8751
1822
18695
587
9842
11404
16027
2121
16094
13607
10620
14213
14956
5131
1526
20074
27683
15992
12990
27639
11449
20154
12729
7127
8383
16628
9255
9078
14209
26380
29032
23736
27406
5416
18829
23470
5643
6817
1950
24608
4060
17457
3364
11172
23595
18946
8684
9397
785
23153
7312
8876
6656
21312
25402
12988
21326
2368
22552
14655
1979
25433
10914
9962
10532
22769
18145
25551
25735
7864
14796
20579
25053
26670
7910
19455
28881
24590
22094
17766
21140
23137
20388
15835
25493
19422
27497
17779
3192
28961
1579
16176
2236
14914
20158
14161
6591
16395
7386
16396
11052
9479
2433
24551
3346
5324
12654
25272
22884
15423
16527
22943
18025
15960
14067
26416
16872
5962
25330
7490
15485
20548
6566
8717
2815
15297
506
23826
9240
3234
14240
21323
5652
1696
5642
6190
4920
13579
1731
17372
15227
10136
3370
3665
24898
10010
8896
16552
26989
24606
26138
19339
16854
8087
18689
19128
12614
27985
24975
16100
12068
747
12692
1115
17851
17559
5048
23829
28717
3771
12588
15210
614
10368
23273
4491
1966
17247
23496
2254
1224
19142
16126
9301
20438
13962
588
9235
10788
19453
24923
26728
28787
15622
12008
21376
13059
3206
8082
23232
15114
10056
22843
11470
3580
2903
4065
7922
24446
6550
22633
4845
12840
21982
27529
10622
24436
12218
16559
16232
3839
17130
6500
22018
24430
23969
14486
14695
17330
22905
25289
27978
18227
14192
2022
15800
3123
15813
20334
3717
9822
18258
16952
4370
23656
15567
19661
7170
6670
7221
11592
23097
15202
9220
5067
23857
28360
26401
26127
18836
24669
2744
17582
25099
24966
17991
13093
15441
19574
14145
4161
27318
21381
23013
18443
26056
6051
13371
6348
1210
8987
20184
28252
27137
26763
19328
17356
25707
14573
11060
29375
20408
21847
23802
17195
1206
13077
28952
12251
9273
2260
1272
9916
10880
9426
7376
7479
19817
2685
12202
23260
17796
27199
23026
16199
19028
24172
20764
24039
7628
13997
20103
2067
23103
13588
9540
28104
8922
21506
13909
5706
9813
21681
3181
834
22023
21636
2030
5826
20823
7757
8324
16206
18501
16889
22840
10489
29445
18325
17532
8271
27101
8336
17005
22880
18183
7561
6737
19707
21117
7235
133
9026
20043
13853
9848
17520
17237
17352
23898
26498
2837
9878
24625
13645
25742
6617
500
26643
9392
21925
25910
29104
27685
21659
2635
23203
14623
21522
28117
4452
25485
8025
9657
5832
13008
11901
7064
19330
19772
11380
28616
22533
2822
2042
771
8724
15094
27615
29304
9975
915
10255
28896
3702
1649
6288
3991
12346
3371
21345
10646
5996
14286
13102
26561
23236
57
17561
24245
25997
24351
23407
7522
27179
8788
15718
26120
16782
26890
12964
10741
25637
18032
19920
3252
29062
5306
13377
24547
19457
17760
21604
8005
18905
15507
11628
20470
29206
9750
16603
16768
9109
214
690
17016
18457
11644
24041
8735
20256
29384
8483
21835
22142
24917
13549
9131
23570
28034
14788
24299
11905
10144
16672
27156
20676
23329
25596
9906
20035
18607
11037
27119
23822
22723
10604
26124
1681
4544
669
26659
18038
3613
17325
12563
24034
9072
17474
1397
14969
12994
2452
9472
24081
4762
4731
9101
17896
27879
26429
25267
1925
22337
2665
29551
20253
25759
19582
9376
3403
8565
19970
8707
17577
26742
23075
18936
2600
15798
26446
28937
28265
17581
5372
23649
20068
25648
14194
857
25505
15527
22946
4587
16945
7671
21994
7743
11880
29213
8384
25586
11001
13872
4605
8764
22523
9792
28786
7817
8889
2227
23538
20736
818
1328
22204
22446
14250
5683
5377
24405
17309
6655
14860
20055
876
25511
611
14572
19627
18555
23936
14535
17078
29156
18001
13238
2836
11260
4338
24558
15449
1123
3543
2573
24155
23122
21823
11662
13984
7567
23323
22736
14927
21398
20720
1188
11263
7622
6029
11347
14446
904
26608
10885
8477
23259
17752
24060
26694
5574
16096
20780
25465
25332
1479
5218
4298
24602
20854
16383
8122
6609
10289
23506
12773
8815
5312
15730
13084
29125
22727
1554
10226
5099
15032
18153
27466
9907
27395
3817
1776
23513
19005
20361
29388
26874
14276
2239
17475
21991
2674
27977
3447
7637
374
23433
21833
15438
22679
13480
20466
7500
12491
27231
25477
4220
9953
16564
13648
119
1229
469
11685
12063
17823
25295
13976
16825
17153
23086
1566
16009
11162
5532
18849
6021
17337
8099
16534
24383
13235
27793
17221
11797
6823
10350
26508
12557
1233
17759
10795
3174
27182
29193
5369
3787
17767
4162
22715
19903
22900
23508
26607
14593
18801
23774
2087
24792
3068
16929
1747
23294
28297
6673
26307
24066
2939
28625
14319
22994
19208
15116
7902
3810
21591
10153
11699
9738
17822
10344
14477
10476
25971
1935
18678
11006
10969
9489
24459
14883
19051
7252
25622
28662
2436
6264
8269
19027
489
13562
27946
23531
20128
19379
13998
29314
22314
27553
13122
26973
28338
23233
1570
14025
6171
23669
3640
25525
14839
1192
7025
11785
1917
19742
23713
27188
7048
10530
29505
27400
27093
8999
684
6877
7117
25540
20875
25638
11558
13209
4750
16300
12996
28728
6480
12453
16112
4040
3904
11954
4689
924
23267
29180
19335
7620
10305
10106
14930
5190
9834
299
14451
2576
23512
8397
3416
391
24059
25599
17151
6803
8622
13709
7680
1989
25591
1004
16448
20611
7458
3813
18316
21684
11499
22471
17390
5411
10133
16845
29528
6219
4209
10479
22804
27739
10848
5475
11609
29421
17287
4743
13404
8721
24258
8118
14493
26801
22358
15988
3105
28736
24616
13472
6363
2173
12329
6065
24878
28481
8890
5557
9590
14545
20761
24275
18474
22106
7511
26963
17510
7172
4790
1828
25794
3592
15177
8210
14248
27096
16319
17445
11120
15538
12904
22239
24098
23895
10597
21283
27161
16286
28180
16079
23632
9683
10100
27373
20695
28256
12379
27389
24892
26875
6466
25403
29396
14784
14096
15896
3954
2374
8725
17609
27912
7473
21692
24032
1712
23794
10282
27118
19198
29311
17617
13323
20071
24340
28707
13773
170
3375
21819
27460
19346
25261
3605
9936
27767
28997
26922
8137
323
14097
6729
23357
26982
15334
24704
136
24184
8737
5285
13274
408
19814
10988
2916
20291
2574
16657
25022
5966
10180
16507
26815
8786
22444
25669
26275
14163
11759
15188
2990
4779
4718
2457
26571
18855
18653
28929
5148
1565
24460
13012
16279
7978
2693
26284
24693
10463
18600
13765
23416
1506
23735
13682
16242
13500
21693
742
26109
22220
23739
11487
3495
15943
26581
7242
6364
22911
23340
29363
16823
7839
14073
2954
14946
4648
5399
22349
16800
23056
29121
6039
22236
22576
15269
25605
20313
14664
11324
10395
17181
21938
8097
644
27392
15620
9643
27319
12072
26333
3304
1492
24591
22609
27403
11101
17722
27111
18759
6143
28573
10269
22234
22604
3775
18233
4997
10353
29261
1038
28966
21732
8185
2350
27160
12818
6822
19660
11911
21098
13877
12596
28276
4667
24023
20316
26258
19837
14238
24963
15773
17986
6903
5474
1993
13547
6153
10171
8425
3074
3077
24880
18217
8214
1079
18423
24435
18690
9639
8799
26267
5260
3149
20757
14379
8991
7976
22508
1262
21445
25172
20228
11399
11007
21730
28696
20230
19525
27515
25117
24830
22110
25009
16483
25207
19275
6160
1273
16738
22077
3678
11777
12216
7186
25151
963
9645
7495
11931
6124
27795
29290
25935
24311
23220
11775
3514
28444
2233
3255
18141
6005
22983
2476
4329
17636
17829
17922
1167
22044
27567
15353
6052
25749
27519
13848
19918
21196
22823
18576
11607
15784
24737
617
27056
13295
28369
4430
1912
23984
17354
17584
11681
4315
23171
17690
9442
2896
20747
18469
3967
175
12935
162
2982
26422
25990
16475
21078
3308
12883
17691
26368
2787
13343
13895
23241
19980
9790
18597
10004
25883
23202
8010
20862
24277
395
7907
18412
20575
28422
15125
16735
3284
14699
25579
15127
22024
11397
18105
16361
3894
2059
11208
26631
12208
23448
22648
22162
22953
27401
16134
28976
13624
6309
4276
15806
23814
3650
10225
13457
29541
6527
6037
15365
10122
8980
4201
28041
27168
2437
17531
9138
658
24549
8074
18511
27192
2608
6019
24088
17062
27939
8101
19238
15711
19058
16390
4410
2849
28483
27246
27543
25079
3863
13570
6391
13461
11688
1875
18912
18238
25474
5012
28214
28226
2347
21852
23116
11382
10713
14765
2394
24627
23197
7420
23776
11629
15417
14984
12033
29034
17429
24858
17327
17059
14952
454
5268
23951
15142
18237
17096
27394
8508
19534
849
8398
18782
1700
24434
27165
17002
27919
3999
25447
27837
23455
10577
16668
7002
6432
24984
13618
14167
21916
8793
20037
399
5620
12795
26216
23262
20958
12331
5721
24855
20874
25982
13264
17458
4959
16655
18483
18835
1969
28082
4685
26225
2689
26852
17590
22260
2694
29022
14585
22759
14150
18312
22991
3553
18397
22999
10338
23614
16140
524
22944
28310
10526
22342
10321
14019
26736
13753
9921
25864
2515
23589
13087
21495
26794
22180
22831
3507
4509
26520
27637
3564
5662
2534
9136
23245
14055
8171
11211
12213
19570
2169
12648
14991
14062
12768
9794
15678
15697
1418
7837
4833
10580
18577
3874
6384
14943
15502
7729
5724
11447
15569
5558
11675
7955
2790
18832
21216
17456
13896
6778
19856
15471
18747
17882
1752
20
22864
28209
26837
6196
1259
25092
3273
14022
1130
16920
23189
10559
134
5137
882
4059
17748
10059
7442
15047
4433
27063
28605
7263
22055
12257
15907
3734
27662
3699
21467
23697
2750
13762
1983
16721
6602
19477
9205
7619
778
3979
13550
2966
18063
21539
837
10433
24202
22973
27540
1363
10478
21927
15962
5299
8769
15434
6174
25650
9685
5782
17778
8976
17887
13978
21990
26845
559
15483
12906
27172
4177
25327
23088
7756
27369
2695
3027
24542
13439
1493
22833
14944
23637
11586
3150
10857
15075
2850
15001
20541
28332
10745
3826
14101
4986
4240
28446
6551
17080
9250
21368
11780
14935
20923
17560
26228
5410
26563
10518
1396
11489
9154
7474
8202
5114
12429
22915
7160
168
15796
25932
24004
18282
18628
14174
23770
15618
22367
28876
24242
16705
28470
26938
7093
22333
17031
24325
26843
29068
17919
2176
24314
5192
21787
5093
4825
25595
4109
24611
7168
18013
10308
14426
12341
2372
3396
2286
9633
28839
1535
20701
18489
932
18926
8392
28333
16965
12371
8390
642
801
23070
25219
16956
17868
27197
1742
13481
28177
21206
16116
20186
6638
27786
22638
4440
28815
28730
8419
20147
10724
878
2455
11528
17836
15146
2593
28435
5349
28751
7555
22406
17478
11807
27908
4601
4543
17995
16136
13561
24805
12078
19314
5221
14863
2638
20516
27777
12680
569
3034
5696
12836
8444
8654
28441
18592
8039
3658
6448
1403
27290
5712
1064
27638
11078
18097
10416
20145
5554
16648
12713
4412
28617
11733
26505
9086
16468
24072
25209
10820
11598
5069
26271
9181
18293
4980
10911
12143
18529
28706
20775
20966
19015
19562
25804
13213
28437
12447
8905
21929
5685
13313
25252
14362
4147
22852
28828
20960
7820
29001
28568
29284
7577
26135
28899
22004
7660
8089
8339
6733
16499
17037
28148
13350
20257
21462
9714
22961
2234
8094
4669
15091
20051
13181
22029
17394
27189
6101
22189
24574
5847
26904
17661
422
5515
18197
4354
6900
20620
11278
16075
7933
3106
14483
7019
7997
7612
4294
1577
21148
8053
11730
13787
15945
3584
9354
13552
17006
15946
15059
18950
12435
22146
15652
10194
9365
22664
22621
13772
24989
7708
23548
14490
17924
22629
5656
9689
26
9994
5843
10847
12475
10638
5670
15975
19196
22971
19138
9926
7618
21977
7576
3847
17999
1440
15299
17011
4676
18962
11350
14165
21481
25620
21628
15897
9232
6199
15766
18535
21573
17588
14469
12731
6113
24474
752
15175
9538
16343
28486
23638
2069
21885
28860
21145
6090
25394
26988
14419
21813
20163
5760
24784
4760
26636
23532
20083
4010
9786
11549
14341
8575
18698
24825
10464
20369
17034
26337
1788
2208
8970
8270
12941
23291
15252
3393
23423
19160
14759
7207
8926
23333
13738
20535
26465
7041
18791
10949
9858
17401
7340
16988
21877
18542
27524
19135
8334
16871
14406
13293
3497
6498
18560
2027
24507
4738
15098
19117
8863
26597
13633
202
14136
1801
4163
10871
4307
12160
22894
264
20480
15532
16364
18733
16407
26547
23868
5901
24803
14030
6166
27238
516
19430
24945
9664
17937
5367
6724
16986
18519
11992
10740
14408
8526
12449
3091
13258
11758
8446
19692
11059
3697
22400
17242
22950
28129
9972
23934
28793
28316
13326
28586
23622
20338
6420
26052
19738
19155
5640
18996
6520
1791
7309
869
2469
20234
9929
21767
27979
26270
13025
27806
22672
26361
16028
14155
17574
12732
18185
12460
6980
20872
24477
3759
16335
10780
15435
18495
17348
13646
15832
6895
6619
24831
16082
20591
7411
28087
14625
15307
22459
28399
19121
19928
21685
23665
19589
9213
22439
12110
8219
19941
7251
23932
14581
141
18095
21985
8742
1545
16281
13099
16856
5319
26295
22027
3913
15414
15275
2705
23568
2115
10714
6306
22305
18886
16670
9124
13174
24151
4810
15233
14342
4989
23480
4424
14679
24788
11178
16296
20152
28045
1913
22279
7113
15341
23115
11175
18879
17455
3203
7063
11224
8651
681
25908
19639
26654
1366
686
23403
29362
22817
15904
29488
15478
3828
3210
20856
5169
17320
12688
23382
27898
5660
25621
4302
24895
9413
14526
3583
5302
6726
19999
17708
8138
27593
350
6379
17712
17191
13757
4076
17662
22993
20706
15638
13768
22654
4896
16174
8696
19365
27624
6599
26829
8758
16696
3334
8648
15787
18964
7727
13668
28452
7145
24178
23706
23315
2267
10072
9248
8150
24883
28683
16914
27583
24297
21237
757
26528
11920
23559
3901
22093
20214
9800
19046
16046
18540
3441
26419
27243
6402
14235
10375
707
9765
24321
2471
27286
22365
20996
6948
26197
3288
26180
3408
2217
20826
29242
4376
10531
17599
4037
17450
24872
9295
16620
9209
10841
25012
27805
14384
28825
16621
20683
9836
10773
25682
28286
9658
7042
12048
9814
10771
1688
25755
16887
9949
25311
17437
14938
4931
11371
8498
15335
3145
989
9341
3586
6193
18523
12728
24016
27602
21729
26802
2240
24764
5443
27136
25556
11341
17960
26718
20373
27426
28855
20708
23178
26210
17972
3550
16393
7936
14378
22686
16579
17676
17863
19043
9297
6132
22989
1463
18163
2348
10521
15200
29132
22916
26807
13616
27133
12279
6539
4169
8625
424
9045
22194
11562
13115
11370
3542
13417
20989
14185
19862
26253
4003
23612
8499
9343
4021
1246
25240
12642
27706
28603
4598
15104
15096
1370
17438
9535
14733
16783
6968
26058
14089
12223
19955
5595
22756
21112
2323
20918
2285
16647
7601
9487
29425
2816
16013
8207
466
9763
15208
9160
6645
5150
18367
19489
16222
149
18658
15412
12287
3866
17118
17737
23563
11256
24816
3827
11061
13647
18434
9437
18157
4259
18485
11436
14856
27044
14511
28967
21332
15547
5995
20696
5798
596
3528
25270
20897
1975
20045
12895
15362
28324
25631
23076
20454
18418
20166
20104
22088
20201
23021
28467
26738
18562
1512
18026
26172
18668
28334
5035
14875
17158
24392
6177
28227
8065
3135
5650
13272
16802
25715
5779
7250
1020
13957
18381
28622
29392
28783
1324
17090
11148
5074
10124
13672
23503
21139
23526
25214
18507
12056
29497
17645
28898
2618
17509
10829
12914
23033
29211
14838
345
23671
4157
3000
14871
11732
11812
1691
27489
22964
29275
5219
9875
969
9751
21981
3633
27329
8552
12518
447
16983
23074
19491
22108
29301
27363
11442
20102
8998
17488
21275
13873
10684
13405
19643
28023
10754
5606
4019
22329
4398
2484
19374
5736
7038
27575
24603
22757
21527
11635
17728
7189
9018
23487
18872
16302
23740
3888
29486
18859
20950
24706
12811
26343
4813
9558
13723
25245
6117
21442
1442
5955
28561
888
7211
5211
1358
28289
13193
19686
23982
18281
9090
11304
15570
9241
4345
3283
9919
13401
9216
3938
20893
6260
1355
14785
1548
21360
15596
5264
6307
8043
22506
9227
2951
8112
8691
9133
24168
2795
8387
5054
19262
883
28387
2362
13953
10756
26451
19133
15389
2498
11563
8440
26885
22346
22636
14764
8937
3249
5353
7940
25782
14363
15821
24571
23295
9399
10895
14039
27904
5482
13593
4661
9899
26598
11315
13512
22659
17391
16362
19902
720
26590
5304
29233
259
1941
6827
6467
16716
7286
6382
14635
27870
11190
15751
10975
19487
10370
14373
17434
4767
3476
8592
14701
18648
1293
15
21221
24560
26647
3197
15004
14724
2993
8186
9525
8000
22030
13030
1576
8495
22530
28642
6836
24083
10627
3171
9959
16656
29407
20952
20902
22377
11357
6780
27719
22605
17421
20169
3285
20750
484
17055
10403
1755
5592
24265
12927
23201
21043
15395
19876
7728
21363
11229
2090
24084
28535
25857
28951
18204
24506
19004
22287
26856
12613
1173
8630
6057
8767
3629
17587
24053
21610
22753
23620
11865
318
3977
8679
8965
13145
12609
2463
10789
21135
3774
15555
2123
1920
11032
179
25989
24887
3686
8778
13819
22691
24468
7842
24800
13839
21770
25212
17145
2641
21461
19535
25302
14157
15422
15655
1586
25679
18744
28909
11253
14273
20670
1902
15482
3946
22751
19725
27894
19144
8948
15203
23274
24417
1065
1533
14390
24576
29044
20717
1610
5904
12709
21747
22157
10268
22328
16491
26678
16574
22147
24487
207
9806
18041
25642
3802
2589
24093
14669
638
23222
25215
28323
163
7559
17597
9203
10670
5593
16150
6412
28132
29232
26545
20149
27277
7086
28015
27418
27942
5820
26712
15074
13162
17392
14588
23804
2326
24409
9864
2353
26260
1880
12587
3003
28128
28404
16936
11744
5328
23457
1708
25324
28780
1253
25634
2501
26758
23154
17262
15308
2440
6240
4657
776
9952
15278
19439
26018
22309
18958
2734
5523
23409
13720
26531
24149
8631
2561
4314
16908
6245
9914
12154
8311
2421
25365
26745
377
25167
22076
9851
2388
8533
475
3428
10315
22343
23432
24904
12891
6797
2516
7349
9051
21697
7829
3983
25347
11564
4221
11441
13007
17548
25894
25005
27204
21160
27040
17028
28553
27470
29128
25909
7028
19573
15474
24379
6887
25714
24946
14370
28754
4625
12318
21741
25559
7079
2249
28944
2358
14472
21895
4128
28007
23206
4268
17439
18379
6482
24009
24519
2491
10070
24715
25373
29474
29129
14756
9499
2072
21313
26159
8517
5136
20630
10285
2478
8633
4734
8457
29113
25522
21899
3886
8862
19636
26374
1438
17357
29221
11543
8992
1613
9207
21086
21768
5204
20417
6243
6122
12377
3178
11220
4313
23345
20506
15102
3072
23439
20658
5120
27953
29504
4235
9967
11519
27700
2071
2266
16346
3995
27220
13123
7395
19728
26691
20685
5775
25250
6699
12855
4285
10514
16312
16129
15515
29174
22488
28636
27153
6833
8426
24944
15572
26408
17402
5573
21079
6401
5329
24051
1217
20937
3392
14074
193
6588
15063
19367
18966
29077
24244
3102
19964
15158
16050
15166
2843
23237
26595
25165
12943
6876
27950
33
15470
15899
3384
18994
4451
21061
6583
1427
8055
3315
23228
22435
17680
28809
10608
28660
23590
12471
14806
24284
26877
27586
11518
28278
8128
5237
21005
1357
8298
14876
667
28911
18448
6236
21334
28813
15374
28381
2908
21551
1126
4664
20450
12829
21291
10662
27046
14671
20395
20164
15228
3327
17556
4212
22322
7584
10066
787
18436
12427
16567
22536
15432
26921
6674
27333
4391
13395
11696
16217
8872
4214
1932
3477
9178
22963
2212
15243
27251
17261
5314
21987
11326
19736
27601
21500
20090
27533
9079
16853
10742
19101
26735
4316
28922
27268
23881
8761
11398
26153
20096
7558
23805
29039
10731
12233
24572
29042
1393
5422
4964
8338
8156
12537
16155
18943
21225
29082
25346
28832
17654
27112
22434
22722
27716
17319
20951
16411
2359
3419
12096
27437
24012
22184
23601
11461
14458
22405
1818
28111
6731
8148
7007
8728
16681
27687
9980
27217
15022
11187
27456
5421
13855
12018
5459
9456
20621
20188
15368
17978
25994
7435
4081
29266
22368
15321
2520
3405
1276
542
11627
10435
7610
9369
25321
1849
8473
18870
420
12762
21849
12153
9304
825
20311
26623
5681
3753
2713
20625
6773
3488
1608
4103
28225
13464
20473
5746
29035
29041
9377
4792
19874
21515
10172
1151
6911
9837
1689
27228
29472
19052
21996
27899
2944
21930
29238
3361
5936
10230
12118
18561
23621
20047
15105
13950
25232
28058
18466
20822
24036
13103
3010
28685
1829
2616
29092
15058
4258
28159
11606
22925
17249
15020
4090
11571
15358
11659
25224
6346
24063
23166
26887
15153
10058
9831
27634
29225
16373
19882
2766
28461
19423
157
26962
14118
3619
7233
22692
1905
25747
25211
6395
23085
1778
9712
27681
10165
9326
1148
12620
3559
5789
19459
19169
10265
16814
21804
19250
13758
20048
9126
8598
28024
8489
12003
28859
23842
1261
26047
8814
18018
24114
11227
9465
18856
19855
8765
15454
9702
19315
26913
29437
12198
5883
28784
1680
23048
1266
10934
21934
15473
26698
27592
12183
1388
1816
15408
16058
28794
24691
11143
9857
28350
25670
984
16255
8540
19396
3972
572
2526
28174
7866
27853
9189
17572
15653
16385
7605
23702
27128
28257
4447
17127
12978
6084
8704
16903
25594
2604
23242
1138
7928
23169
13479
22261
5442
13815
9533
12513
29463
13602
26568
6393
9539
24437
24002
27004
24689
23157
19252
3844
2621
10967
5213
24586
15879
22160
18003
12125
3834
12627
11999
17410
8603
8382
12076
22327
12551
16808
1559
8180
27620
10722
22208
16485
11214
28190
8839
14688
10992
25740
26027
28191
18795
25635
5441
11927
17297
13402
10509
17254
23426
433
27932
1807
5015
7364
2263
1260
29234
12159
5387
2073
9613
25473
20398
6981
4058
25256
20639
14931
20562
13410
7375
17040
8826
4888
6167
14236
16272
4080
18692
9870
8715
704
3046
24674
13906
26017
2371
14973
8692
11727
9396
27
6559
12740
8220
10703
4924
25015
19389
22442
8807
397
9324
22680
3300
1889
14777
23253
8500
24730
20155
6425
1205
6234
28494
19864
17135
25192
4542
103
7080
948
2352
4852
24177
15815
1093
12528
1211
15614
15959
4662
15883
2643
26760
17342
29163
3513
7299
9345
24358
5701
2519
22878
24863
1439
19313
5055
11858
22032
13136
26991
6362
25146
24515
6582
19236
12658
17120
14645
3033
25618
2825
26711
23584
365
8931
14647
164
28669
9193
13783
24375
29416
20527
27887
11677
6682
12307
24461
19905
7606
11234
17603
25531
1729
29100
13270
25824
15994
12035
20073
17969
14349
17485
5659
9555
11309
9651
23096
6931
21392
22534
14807
16794
19022
24455
26067
6239
9152
28889
2964
19557
14354
10460
10800
13961
2601
6994
4320
20393
25109
11631
22857
16695
4674
13220
10098
18563
27552
25027
18891
29354
9275
5915
410
14998
8641
23059
5030
25341
19077
6505
6133
16632
16865
24449
21263
17126
2170
7703
11082
27892
23672
10024
13964
20725
10984
25528
25727
20489
11547
27302
15792
26346
1648
18126
16674
18833
9676
17190
14470
9440
24865
23852
21563
12277
28146
446
15501
5776
5703
6100
23421
23364
28298
936
8485
27328
17453
8371
15756
11956
20618
18606
3071
1939
27020
25643
18251
11158
12949
29096
25984
19500
19509
4581
26971
1552
29154
1783
3920
2985
7909
17367
13673
3621
12759
5838
7518
13795
12264
19033
21931
9968
20153
11768
16148
15890
17048
6263
1706
4748
28788
2412
16039
18245
22156
14199
12628
1420
21554
27840
25698
13942
11895
10306
7707
21516
28469
8412
15217
8831
9398
17160
6129
6497
6462
1642
26405
12243
12256
9098
5700
17180
23516
629
24128
23101
10102
14328
25976
26987
4618
580
24638
17855
10510
6863
18639
11036
5617
11213
20739
23004
7988
3924
13473
15804
25854
10861
17263
24452
25312
15901
5464
19612
26115
12598
29538
5167
15931
20117
14648
17109
5226
20143
12415
2584
2104
17812
18102
14141
27518
27572
13539
11923
17335
9629
17814
1431
845
27433
9003
6070
25941
8549
8887
23845
11364
4143
5269
2632
5777
22080
7583
17423
4607
2084
14711
3469
15257
4051
17905
3345
7467
26164
22782
17723
9582
3229
14184
10064
6300
11272
5152
7075
1557
1926
23703
4131
4801
13669
11058
26727
19577
16664
21727
8964
7685
15511
27604
6942
20462
17923
4736
23571
27125
2868
7446
17167
3209
2612
19061
20330
26445
4331
12028
16596
1994
22827
13748
24725
14011
20455
24432
24847
1692
23640
16513
10039
25266
805
3532
10535
10465
1817
5359
25095
16796
120
16745
6554
194
20559
13017
1513
628
5615
12519
29048
17541
24167
9588
22668
26306
6210
27849
18844
5937
23119
39
19023
7645
16626
18822
22388
7101
25418
18508
11122
17150
12495
21695
7750
28028
28419
13409
25030
27588
26827
1704
26855
27693
5283
7783
21319
29419
16403
20608
19131
28149
18875
20607
9885
11914
27730
26624
25258
16465
10235
21867
15033
7475
22490
10038
6041
5540
16354
17436
18806
535
16166
22307
13721
6769
139
9746
9445
18122
4972
11594
24771
10760
322
26757
21460
26676
15364
22083
15439
4837
20718
664
28183
7980
15179
11410
17227
14495
20531
6765
8908
21904
6690
28517
22781
10220
29061
21054
4154
13055
14380
6303
13584
7459
1041
26163
2914
10534
26077
7360
22087
26954
16306
16243
22366
308
3040
18496
15741
17147
15199
941
3307
10560
8930
14509
27341
18231
18969
20603
6747
19360
4486
23419
4551
3524
2812
28602
28308
27825
2524
8698
12133
9120
14752
1047
4124
27334
19767
17725
22580
4534
2278
712
8264
10710
10267
24960
23272
4847
13357
20642
6706
14134
2008
9302
22720
19383
25206
9789
29260
23389
24054
18816
8885
27052
7630
7081
24195
18748
2053
6218
8822
20521
8086
23978
19867
27016
16766
17244
17072
8640
23465
12016
13894
18882
17317
18131
14032
28003
12824
6793
16187
29475
26211
8058
15628
1056
1467
6985
28690
9252
12381
7875
1107
221
10706
5517
14848
15543
17452
28891
14339
174
12459
24979
6856
799
17389
24628
2934
17946
7227
3029
8557
28759
5036
17133
17912
27945
17271
2101
18589
20636
1257
12844
26316
13284
5265
4195
13389
3625
20507
18635
9565
17121
3890
1341
9421
25866
457
25156
7492
19207
9611
24565
634
15624
9000
1362
9688
17710
2783
20835
9660
24061
16807
2429
8232
13281
9716
23145
18772
8569
4651
17275
138
16556
19922
26149
10410
25349
8226
25390
19540
1737
8529
12327
2935
24815
5894
8231
16301
11724
25743
11882
27499
1051
28824
26315
7652
20284
28797
18917
130
8824
4620
16303
6152
13955
15810
6473
24203
9175
25494
6092
13574
10831
25409
10894
27033
6098
22095
13943
526
16428
20505
19036
4545
15437
11087
3567
5437
26585
26994
16436
8420
1505
27875
1106
14974
27544
7825
24028
11168
8570
24236
2296
26090
13929
14652
12812
18982
21230
26106
10804
16454
20850
13134
15510
25630
5116
21785
19141
10734
26811
8233
1867
27203
13956
18421
17820
5602
6716
11138
11378
2308
22613
19496
28121
27212
29016
6179
18370
7054
16104
2936
11458
29410
19834
22351
27055
8367
10983
26703
27505
6509
24111
28606
27442
12842
12550
1655
2772
21889
23393
20222
3018
6112
26956
29501
13432
25951
8860
8672
380
5519
631
15961
733
20471
14681
23582
11925
12748
19824
23926
6714
21832
1147
22103
24426
6605
28166
19704
1015
5958
2024
12386
13622
20857
12556
15164
3587
27796
3051
3776
27525
26475
18901
26849
8028
23515
6284
12296
20483
25066
627
12017
25729
58
21520
12719
17571
21406
15782
28747
25439
6326
22549
26392
19255
3674
10302
563
4475
28376
11423
21646
15660
20542
1218
13266
15598
25927
19157
651
13971
14532
28508
18173
24163
4012
9389
1385
19291
15911
23939
29
905
22893
26000
1872
8465
22321
17216
26779
26040
2809
15636
18039
17417
11157
13113
13210
18933
23351
29389
20327
5341
14541
7429
7843
6012
25717
15162
16536
11836
13482
14381
1310
23618
14665
16356
8283
24954
16149
19757
9057
6606
8230
10276
19024
16180
3958
12432
20894
8713
27068
7024
26686
11130
22784
9048
38
17660
12583
27584
10916
28533
4567
21204
26555
29140
21611
9170
2976
21402
13743
27438
5827
13986
6521
2442
16788
21496
8939
24419
17756
8240
9782
13216
18627
28761
10690
4156
14667
1812
9648
4741
17635
27270
25024
7244
1869
19164
26137
3799
25842
6735
16258
25535
21065
22951
349
6077
18351
23661
11745
18960
25619
12466
15985
25101
11043
1179
14690
5969
4427
17362
10184
10589
28591
5627
1230
11886
2725
10177
6215
519
10557
28052
19938
4802
20162
16377
19037
5506
11251
13135
15913
18881
10500
7732
11885
12828
470
13987
12716
12712
21950
2960
11354
12969
21945
27269
24538
23841
3671
15748
19667
22089
7012
1055
12165
9819
23492
18139
10810
20986
22316
5250
6321
5478
9815
27581
14712
23424
1245
15669
2226
8738
16606
10781
20382
25602
9889
1279
11409
24670
3654
8343
15681
1938
16689
12525
22247
20132
6258
25789
25253
2156
12987
8376
27718
16884
5305
8191
2791
21560
23872
4921
2846
5376
9982
16421
5764
2909
16169
26273
10610
6145
28520
11907
2866
10043
14069
1264
573
7471
25360
7780
1042
14501
20679
9824
27741
17772
24395
22795
11319
1006
26280
17633
939
17659
22901
15924
11340
22555
821
15155
3526
28659
27498
6799
14521
2220
27194
2890
28458
15187
24532
23643
5050
1282
13585
26078
15481
11144
14971
12212
12918
24348
10406
387
25887
4621
24911
26633
18785
8504
27922
4053
4046
23410
91
23791
5942
6595
8388
6636
23420
19165
12734
16159
17508
22879
25700
25678
24260
26968
23002
12245
14901
22735
11587
16062
10080
12682
23561
325
11279
28842
15745
27789
10819
27493
9384
18973
27614
618
21209
8268
19182
11290
17649
17424
5948
3398
5619
23950
20903
29491
28443
25888
11641
17701
9504
14928
2680
25683
27210
24575
25555
5533
11763
7482
13903
547
2060
1803
15191
20345
25098
6014
13224
4326
6399
5693
11186
28527
12420
7530
18456
26556
1827
14597
19688
16197
4650
10203
23025
25875
26834
20615
3237
24281
12702
15283
16561
3309
27817
9871
20995
28532
26958
29524
29316
14849
15856
29386
12934
27317
5621
671
28954
18078
3710
16615
16321
22837
10549
11823
11406
26917
17643
25434
28732
6825
9409
11810
16941
29078
21562
8272
2482
17106
24027
19989
2736
12555
15536
6801
7901
19260
26693
10863
7655
14734
16700
14706
22048
22934
1598
14727
16008
11476
21338
29122
3272
14799
24584
11575
13086
20097
23507
18253
129
15995
20829
3575
12486
4100
20317
12576
6178
4494
12907
28182
25427
4580
22052
22356
8188
26028
23847
17540
10402
16883
27721
16470
25335
83
8034
4658
13001
2710
15560
19127
16979
4870
11369
1298
9879
1306
7026
24683
3869
14908
1544
11463
18924
18880
17346
14417
5199
121
5781
10705
13695
10461
18725
18086
20265
7477
26634
140
27754
24170
13820
903
22269
17228
3883
28428
2074
14873
27370
8818
25677
16311
26690
27265
24614
17111
6094
26642
336
4549
24411
23849
25003
9566
29073
9180
27674
10134
8235
15118
14819
11259
15858
29319
26512
90
18932
1936
11843
20519
2700
3259
18172
10624
15249
21490
5303
7568
13352
15000
12184
15150
21578
29065
22820
17231
14427
18160
23686
17514
22039
26468
16061
21552
19631
5230
14233
773
26777
28598
28563
4374
676
17655
21342
19107
796
28048
12181
6150
8337
17699
20324
26964
22647
5613
16925
180
27994
8433
7566
21404
19544
22443
22463
26310
23731
2384
29393
4894
25020
27810
9580
10986
24413
5625
19158
22384
8190
27856
24377
2731
25547
26828
5130
15828
1774
1908
11169
13260
11136
21116
14140
18362
273
3606
22785
12529
23057
5509
7107
3522
12573
20498
19638
1316
18773
20457
8167
4626
8113
27749
10324
27304
17883
16708
7847
25305
20916
15106
20321
43
4442
3933
28973
24246
9641
21721
29303
28490
6681
25517
7408
15713
24773
7720
21389
18261
26239
9182
14536
14445
17703
3328
15499
6892
3649
1499
26100
25750
24663
26674
7662
27766
13880
18114
17491
8914
18980
765
14278
16467
20472
13411
17177
15728
9291
4036
10737
28686
15978
7021
5899
6377
23042
21936
16429
18863
3996
15608
14304
11651
6444
12834
20246
20433
3974
1432
16047
25124
9276
26640
11310
20984
24932
437
12848
26414
15392
24349
23525
1525
3761
4992
22754
5980
23554
12985
10603
26785
444
18472
23215
16501
23683
18051
13106
11645
13319
12438
23160
6434
26485
11063
17741
13844
22651
6798
25264
2258
14574
19680
28846
9887
15818
28676
25356
11752
970
14207
25122
16795
26194
11661
20333
3409
16179
24427
29422
4340
3854
21444
4217
7350
3474
20715
29340
24765
12517
21344
13168
20349
8942
26054
24122
20617
15546
7811
12351
21165
4304
10183
23400
23790
19625
14996
16108
6725
12715
15972
16089
27717
13307
21212
25017
27521
5956
19167
14148
23891
16141
15419
9724
26356
12334
13548
14015
2806
22355
28223
9315
20858
28163
15039
11427
23412
23288
1670
28386
10503
29391
1672
29279
27041
14954
23120
5062
20876
27522
12704
577
22739
9112
20589
23330
7390
735
19105
9494
16568
20584
4306
25221
5908
19093
24423
2386
8660
18459
11924
25399
2417
20407
20243
11365
17206
7324
29552
2715
18125
8434
16117
15611
23491
26667
10931
28547
10452
23478
8845
10454
3024
23967
1844
11300
5492
116
23904
20170
7784
7952
23198
28756
4487
21974
25920
19526
24296
14783
14560
4940
16268
17300
2716
3655
14630
21525
29103
2803
13074
20863
15586
15884
15853
24429
6118
23817
2064
17773
1182
27019
16353
17746
4629
23680
11307
3306
22649
279
8176
20221
871
25905
23015
3449
1097
22473
4137
27819
25752
7914
21846
11151
278
17199
8731
12241
4945
26224
21623
5751
10335
23530
10907
23311
27629
19325
16852
24522
11801
10288
22040
5320
2048
19927
16404
16252
29426
594
908
17853
4647
27623
27131
19650
4816
18869
4457
253
9586
19618
19554
3148
2709
26234
13620
9349
3931
15218
8302
22587
4378
24201
20006
14766
4287
29322
25425
3303
791
5132
7891
25545
23
25220
15859
5350
9293
7139
19580
12322
14001
6109
9483
29191
6641
28546
1685
8166
24256
22603
13044
1045
678
2318
21142
14817
9148
6653
28032
8111
18823
19153
10316
21738
27566
22875
24510
18066
4286
9678
28916
2657
7632
21423
9943
17973
16085
9083
5914
20549
9659
2068
18455
20292
3565
10513
694
24048
9230
6754
12792
610
23125
12936
10958
22129
11566
29328
19722
18112
8624
15464
20196
26612
28737
1721
13665
2122
12380
12146
18641
4387
4355
12189
23032
12135
6214
17288
22258
5518
27148
5201
1227
10258
21030
21686
6374
10386
1408
26714
8879
22658
17094
12388
23652
6843
6024
19854
12789
24819
10082
25544
17897
15662
22425
9818
16203
18403
17781
19908
27709
1200
12787
18265
24970
27170
27070
23030
53
12838
16906
1127
16661
2855
6584
2413
12283
29352
26603
14666
26426
28414
20991
2704
4737
18808
24158
5548
216
15251
16772
7957
19288
16786
25292
10736
11222
7930
20309
17947
23188
3302
27723
2011
17891
5831
21471
4677
14038
9799
27233
14753
24640
190
8375
15110
23587
18368
2092
22467
1040
19370
26840
1070
10688
11791
25040
2349
17966
23176
22619
4459
15055
3227
28827
10310
18931
3898
7381
1437
13858
19991
6893
25911
13917
7278
9713
10940
22254
16498
20419
16225
15514
4441
3314
6572
24684
14121
10215
1384
3184
19279
24252
9748
23269
7740
26140
14422
23418
17422
20160
24947
18804
17802
12888
21909
11160
13413
15266
27758
1497
3745
2335
24470
28566
4239
29152
4873
8683
18089
18674
17951
13836
12123
18979
21141
11610
11177
21394
24232
19590
15860
5585
24990
7766
2306
12884
12757
27120
27774
9005
14104
10155
13277
21581
19799
3048
18938
11481
10159
19047
9464
18235
24724
626
24412
8861
16686
8865
26476
12244
12879
12965
10600
4283
1137
22072
24020
4872
10808
25879
17758
18
25561
2456
29487
28246
14413
21272
25138
9621
23476
12219
16399
23792
7387
1571
2738
1017
26629
20645
11826
21789
3159
20474
10192
1270
22593
14550
16342
14504
16091
18004
18239
28409
8558
4421
21233
12701
19530
15383
6938
13198
12554
8410
16961
7951
22520
4186
26410
16088
26886
18082
9371
4488
16215
5176
23961
5001
16481
12280
4531
12376
19681
7053
2142
15317
19601
23943
27144
22369
24393
15151
19497
12942
25641
11910
1374
927
14579
13391
20927
10257
15612
28423
13370
19
25052
28049
8690
16097
5134
18789
142
16186
2518
4583
6871
531
13551
6445
13752
9206
6089
8286
3380
27331
8971
786
23342
22323
23102
21511
13740
15837
1082
9357
19745
28980
24751
3162
14091
11805
26931
15120
23953
24404
20674
4171
18296
7870
2464
25382
9462
11748
26219
14772
27869
9454
27886
688
12295
16124
11323
14758
1850
3087
4822
23130
18080
24480
4869
26588
17260
11183
10555
21878
8878
26447
12326
19154
21967
9208
28267
17555
3593
29371
27903
11244
16154
772
21243
4789
6114
11245
17388
9174
8678
19564
17333
16570
3241
3607
9157
27139
17265
15259
6289
1135
12253
12827
11483
23880
4699
26480
900
24259
814
27669
191
21180
2209
15875
24438
11534
24346
12207
16569
15500
2237
14700
25218
10132
15937
7367
24378
20931
21519
10091
27357
9333
23319
24924
4490
11102
17038
8396
4532
19475
12347
5106
16462
1582
17461
17163
7541
12368
3093
13180
11337
4050
12980
25071
2994
1213
4371
2677
497
19677
17107
7410
23997
12436
10364
23209
24018
27863
9992
12797
29477
16175
23191
835
17702
25248
19523
7176
20779
24676
8238
12085
17932
7215
13275
18478
12182
18497
8870
22970
20366
5824
1675
24274
14961
11576
17141
2329
3016
18146
29502
14631
29420
11456
10644
3861
11017
17954
19937
3463
11873
20825
19732
25837
23783
20367
8747
14924
28201
27829
17547
16518
3914
8007
9788
10586
16640
11615
25432
7745
2609
2167
4476
18349
16997
2303
14389
25884
7504
10409
25523
10060
22092
7310
4290
26169
26662
4293
2805
20798
362
9452
22010
12852
21793
7616
962
3211
13036
11974
13484
1389
23816
27086
5430
24801
16873
29012
21195
13803
15281
26025
3460
7088
15313
14811
25323
13995
26521
27123
