145750	11578
12008000	24274,17647,25618,4960
9039750	1293,14580
11947000	28967
6126750	25169,25117
10443000	13460,10570
1710500	28065
9706000	6364,849,9612,6740,12168
9351750	28930
1194750	25169,679,4059,27052,6543
1617250	12283,18002
4054000	20121
8145500	18124,21883
12371000	23896,17514,25570,11776,8628,17767
1319000	10449
1832000	10916,25687
3188000	26618
2050000	26866,18996,15231,17960,21659,5620
2316250	9688,10948
1971500	8316
11111500	4216
3895750	12475,12933
7016500	26546
3114000	21092,20536
452750	15638,24392
7367000	21336,20297
8909750	22342
1579250	4078,25424
12417500	28411,10570
309750	15365,4545
8195000	8943,21672,11080
11632250	25022
11493000	12453,1533,14661
9079500	27314,7868
4503500	11936
11142000	17407
5901250	14575,12606
10521000	18612
5812000	2683
1517000	15086,4808,16302
2182750	18808
190500	20751
10401500	12189
11307500	20300
6247250	25618
11552750	23448
10322250	1731,18575
3148500	16217,12795,28561
5655250	11196
4475750	4949,19113,20536,2227
7190750	27791
7163250	20154
12231250	27155,28149,24274
9842500	19048,7380,10908
3009000	5627,12327,21840,8724,19014,14695,28411
2331750	27179,19539,7179
4907500	8775,8965,11060,5712
4454500	15019
239250	28481
3952000	4648,13998,21844
140500	10480
7600250	3228
2704750	13592
415500	23164
528250	8693,155,2963
10069500	8637,7868
1189000	11328,12175
5754500	23214,25618,14020,28752
3520000	23409,7105
8353250	27205,12285
8123500	1591
5011500	20180,6219
12275500	23134
10831750	5640
4304250	679
2103250	4220,7567,28855
5828250	4808,9031
6233750	10678
9069000	28017,15302
6266000	23774
9685000	3185
4370750	15638
8523250	25500
847750	18024,12728,28169
9244000	13442
8102000	768
1792000	20630
2492500	20979
1782250	24460,155
1074500	16602,12606
11874000	4220,18180,1282,13844,4510,10014
7218000	22317
11579750	8410
10790500	7105
3089500	1917
5248750	27035
2768250	23421
8701250	1884
3344750	27427,8805,28524,3313
1909250	20516,6326,504
11321750	28481,19891,21672,13745,9906,10879,27205,12358,21684
5780000	2173,17061,1000
6897000	18544,7626
8702500	8257
9035750	18544,25618,18024,27052,17977
10064500	29099
6458250	7692,27205,23475
11535250	16463
1525000	11196,2257
4844000	28362
1492500	24886
11362000	5330
7545250	14381
10628500	12013,12159,3324
11391250	28924
2088000	21883,617
7687500	619,6737,12182,16453,14603,7868,14498,12364,13853
2200750	9315
7854500	4949,7552,527
1446250	23482,20297
5491500	20803
4782250	5724,9658,10778
4850000	12512
4153000	26523,22621,21865
11339250	6828
7306250	22359
11137750	19891
4037500	14523
5915250	15138
200250	25570
10054250	19660,4667
10773000	2999
11131750	29472
12028500	21392,18496,11196
6334000	10627
5254500	21672,25488,15478
7143250	23896,24281
7103000	12586,23662,15019
3903500	15514
3963750	4949
5693000	21899
11730000	1446,12914
3787750	26969
6150750	15831,17429,4835
3054250	5448
6400000	2452
3719250	4960
3031750	16110,18388
10653250	20180
7435500	7975
38250	10051,14265
2771250	476
9288000	11328
1247000	25635
3317500	7105
9972250	15138
5354000	10014
236000	17690
5968250	13097
5898500	7105
1793250	2033
563500	10778,23928
434750	19394,6104
5847500	21865,28504
4770500	2610
5654000	5896,4571
9121750	21838,15946,19974
4895250	1335
2378500	12886,23774
3846250	15584,8719
4712250	18388
3581250	28411
10112000	6839
2232500	11060,679
4967250	28391
11046750	7169
9123500	15138,3433,20846
393250	20154,22306,13093
10212500	24081,24788
3216500	28992,2963
1104500	18678
3266750	5416
12004000	18683
4876750	949,11431
2688750	155,15721,22749,3774
2920750	22400,23538
3751500	20300,10193,23284,28411
9436000	504
5078750	10329
10578000	14073,13778,20896
6234000	17020,21372
11896000	16564
9076750	17748,18575
1074750	22556
7568750	12285
3014750	18558
8096750	22077
3849750	9549
11340250	26973
11564250	1831,9140
12377250	22556,18075
4376250	8689
5037000	27508
6497000	7927
6683750	10169,29551
2138750	14120
5865750	3228,11652
3549000	5184
6272000	2803,12055
1110750	3458
3625250	21372
9179500	17629,12220
4184250	241
1240250	18392,20297
8799750	20826
9782500	6352
8170750	1966
12384250	3658
9628250	18024
10756500	14942
8129250	16323
7892000	1530
11129250	949
10539250	1461
5726500	23465
3226500	22240
8822250	17483,18013
10774750	14942
9512750	4239,19903,27205
9199500	29099,24969
3675000	15024
472000	3515,25333,6211
8435250	18730,23896
83250	1731,7989,7624,21238,25753
9394500	29472,8965,14533
1688750	3145
8314250	11196,27618
3096750	11541
8040000	17084,23285,11018
2752000	27906,26728,14074
6694750	3151,18730,23007
5539250	155,7868,8689,11983,18075,24258
9437500	15718
1953250	6783
10229250	23774,24541
764000	18990
10257500	4281
3742000	13020
6412250	7260,15159
10261750	23896,14261,5285
4047000	29446
10598500	24385,155,7105,14165,9563
12015000	22240,26900,5176,15138
2968250	11624,14273
10234000	10970,19402,9111
6807250	5712
11121500	13049,8530,15799
5769750	26614,143
11158000	28876,21930,239,6738
4059500	12159
3524750	4808
11949750	6571,13554
1699500	16716,24715
7785250	11790
10052000	22126
8070000	29197
2033500	712,8689
3304500	3804,25169
4073250	22836,27415,17153
3310750	24083,23774,14952
5110750	3324,25793,8414
746000	155,21865,7105
4716750	8511,2963
691500	14554,15390
11494250	11196,8676
12234750	26736
7269750	19475
6003750	12285,26618,4750,10726,7868
2891500	3627
11894500	24009
11220500	11431
1767500	14626
6571000	27052
10588000	14020
8160750	15308,17641,18529
1063000	28481,14165,22749
5642000	10840
282500	1962
1459000	6147
6852750	4949,27906
11972750	954
5143250	23549
8628250	20979,28481
2428500	17153
2807500	27117
7703750	18075,527
11984750	3627
6921750	19197
4215750	21085,11391
3350250	18736,1672,3384,25420
4625750	1000,11734,22321,17882,10570,29197,22749
1620500	1195,28774,23735
4533750	10908
5012750	13020,10893,8799,1335
4922750	18013,2669
4963500	15534,16572,18002
5751500	11679,19680,25488,24878
6257000	22749,23563,21071,11849,23628
10642000	16754,20536,251,9782,7567
10309250	14942,18996
8573000	28049
9906500	8689,23656,155,28411
7699500	13592
8940500	251
1629250	21392,19891,18024
8617500	28270
6571750	16540,155
11300000	2963
11612500	5848
5999000	26523
7657250	29445,2043
1528500	26546,23774
1118250	19096,3068
1904750	9138,27314,23928
252500	6199,23656,18544
11078500	18024
1758250	28481
3010000	4220
861750	23284
8324500	9848
380000	5620,12329,1773
4547500	8257
5226250	8689
12239250	25618
731750	9195,7692
2788750	18515,11431
6564500	21950,12977
4809000	22211
791500	24831,14712,8738
1661750	3324,1731,22342,3151
11957000	21078,21995,23907
8216750	24281
10654750	12212
8049000	4582,17664,3850,20979
6713250	2367,16768,1758
6872750	20393
7715000	11790,24978
745750	21071
154500	13830
10609250	5330
1806750	26394
8757750	24601,26288
10095000	16624
8149250	11679
5440750	25029,19862
10966250	251
7588000	7105
10592750	13093
4256000	3324
5962750	5151
10492250	28752,12606
3288250	6395
2940000	11767
8216500	3746,25308,14159
6155250	5015,4220,27653
9394250	19014
1086750	1084,18977
3511000	19651,13020,14020
9173750	16540
8949750	17438
