873
10944750
12028500
1206500
12154500
1620500
4716750
4844000
5654000
5735000
5780000
6061250
6458500
7860250
8170750
8861500
8869250
10224750
10229250
10302500
10546500
1110750
12015000
12173500
12388250
1971500
2626250
3963750
434750
5220750
5254500
5948500
6067750
6571000
6849750
6977000
7703750
8149250
8757750
9288000
10696000
11391250
1661750
1832000
2771250
2852250
3001000
3211250
3581250
4256500
5034000
5901250
6257000
6996000
9720000
10057000
11362000
11687000
11847750
12008000
12215000
1969000
2132250
3552000
4770500
4809750
7002750
799000
8102000
8666500
9035750
9163000
9244000
1046250
10768750
10927500
11046750
11339250
12027000
1906000
1909250
2138750
2476250
2874500
2921750
317500
3524750
39750
4184250
4215750
4956000
5108000
6874250
8040000
9103250
9344000
9420500
10095000
11434750
2078000
3257000
3590000
3787750
5898500
591750
6523250
71250
7367000
7687500
9811750
10064500
11340250
11612500
12065000
2676250
3035250
3226500
371250
42000
4994000
5754500
7787500
8649250
887500
9173750
9628250
9706000
981000
10054250
10619000
1459750
1966250
3054250
3293750
3952000
4850000
4963500
5082750
5906250
5980500
10393750
11493000
11894500
12231250
1446250
1985250
3188000
3520000
364250
38250
4421250
5959000
6247250
6564500
7345250
7699500
83250
10047250
11142000
1381000
2428500
380000
4102750
4922750
5027500
5769750
5847500
6619500
7927750
8129250
10018000
10063000
10257500
10309250
10513000
11111500
11321750
1148000
11936000
12337750
1240250
145750
1517000
1812000
2251750
2492500
5012750
5143250
6848750
7286500
7545250
8271000
8997500
9782000
10069500
10401500
10774750
11167500
11874000
1324500
3981750
452750
47000
5068750
6003750
6754250
6867750
7016500
7190750
7320250
7886000
8033500
10261750
10588000
10790500
11730000
11972750
1724000
2168250
2870250
3795000
4853750
4902250
5052000
6400000
711500
9437500
10492250
10609250
1074500
10845500
11496750
154500
1953250
2182750
2378500
2920750
3075000
3363000
4004500
4054000
4133750
5187750
573000
7103000
7269250
7476250
848500
9212500
9794000
9906500
11032250
1140750
11564250
2200750
2688750
2737250
4186500
5239500
5491500
5994250
6766250
6957500
7657250
835000
8702500
8949750
9394500
10112000
10322250
11984750
1815750
2788750
3149000
3723750
4047000
5968250
6205000
6654750
7306250
7513250
8145500
8195000
9782500
980000
11552750
11683250
11716000
11923000
12371000
1699500
1758250
3168000
341000
5199750
5293250
7034000
7163250
7435500
745750
8248750
9436000
10185750
1104500
1934750
200250
266500
3266750
3310750
3588500
4376250
4533750
7003500
764750
8070000
82250
8230750
8523250
8633500
8730250
8799750
8848250
9039750
9199500
9982500
1047000
10654750
2768250
3573750
382250
4392000
4423500
4557250
4680000
5155750
5238000
5440500
5655250
6299000
7269750
7892000
832250
8529750
8940500
9972250
10592750
10966250
2331750
3549000
3592750
3675000
3751500
4447000
4814750
5336750
5467250
6603750
6768000
8435250
9121750
9202750
9946250
11535500
11632250
1247000
2148250
2350750
2882750
2968250
3405000
5226500
5320000
5438000
7060500
776750
10212500
1025250
11022500
139000
2033500
2808500
4118250
472000
4804500
4809000
4886500
5248750
5745000
747500
7854500
8216750
10443000
10653250
11078500
11625250
11947000
3312500
3734250
3892750
4454500
5264500
6458250
6900500
7600250
7715000
7797000
892500
10818500
10915250
11141500
1173500
12204750
1338750
2076000
2448250
2891500
2940000
4059500
4153000
415500
4895250
5899750
5911250
6014750
7494250
7976750
8049000
8628250
10756500
10885750
1118250
12016750
12142750
1244250
1767500
2386250
2752000
439000
5061750
5962750
7143250
9079500
9123500
969750
10539250
11137750
1459000
1911500
4097500
4259500
4547500
5037000
5279750
5726500
7405250
746000
7568250
8163500
8215250
9179500
9352750
9807250
9839750
10799000
10972250
11158000
11494250
11734000
11737250
11782250
2006000
2088000
3396250
3846250
4115500
4370750
65500
8072250
1492500
1528500
1792000
2316250
2557000
3317500
417250
4378500
4503500
4876750
6126750
7184500
8156500
8172250
8528750
9586500
11114000
11772000
140500
1641000
2364500
2733500
3014750
3096750
3511000
4782250
5170500
6233750
6848000
8017000
8353250
9076750
9979000
10119250
11131750
11631250
11794250
3148500
3245250
3326250
3404000
4625750
5110750
6301250
6380000
691500
7918750
8160750
8327250
8822250
9015000
9513250
9671750
11558000
1838750
2198750
2616250
267250
2807500
2823250
299750
3009000
393250
5082500
5828250
64000
6807250
7211250
7568750
791500
8346250
8792750
8909750
11121500
11129250
11527500
1365000
1441500
1449250
1688750
2103250
3684750
3799500
4087750
448250
4631250
4712250
5522250
5957500
650750
6904000
731750
9215000
11352000
12331000
1622500
1627000
1710500
2232500
252500
3010000
3335000
3781500
4317250
4475750
5078750
5287000
5910250
6015000
621500
6264750
6266000
6683250
6921750
7445000
8910750
9651250
9685000
9716500
9842500
9973000
10642000
10933250
1114000
11646500
11939000
1194750
1531250
1782250
190500
2704750
29750
3304500
5256500
567250
5751500
599750
6571750
7383000
805750
887750
9044750
965500
10533750
1165500
1181250
12275500
2480750
3295250
3742000
8243500
8324500
9351750
9592500
984500
10185000
10264750
10840750
11440500
1189000
11896000
1806750
19500
2050000
232000
2988000
3216500
3719250
5139250
6354500
6852750
764000
8314250
8508750
9278500
9488750
11949750
12234750
12239250
3288250
3410000
3977750
4921000
5024500
5608250
5812000
6172000
6713250
7361250
7893250
7921500
9394250
10592000
11307500
12384250
2253250
4189500
4399750
5465250
5915250
6234000
6683750
7830250
8096750
8430000
10000250
10566000
10598500
10773000
11711250
12229000
1617250
2756000
4257000
4304250
4336750
4658500
6334000
6497000
6780500
8111500
9463750
10297000
10713250
11313000
12004000
12377250
1724250
2322750
3661500
4035250
4193750
4852000
5539250
5697750
5987000
6272000
6998500
7116750
7323750
7483500
8617500
10234000
1074750
10976250
11283500
1319000
154750
1727500
3282250
4501000
528250
5846250
69500
7218000
7588000
8555500
861250
10578000
11220500
11590500
1499750
1629250
2187500
3288750
3625250
3861500
3913250
4025000
4073250
6099250
620500
8123500
10628500
11535250
11616250
12061000
12417500
2910750
309750
3272000
3644250
4620000
5011500
5226250
5999000
6250250
6412250
6700250
6897000
725000
854250
1086750
11169500
11957000
3249250
4063000
4967250
5693000
6751750
7322250
8745250
9512750
9802000
11601500
3215500
3344750
3954500
4195500
425500
4852500
5261000
6150750
6155250
6515500
7375000
8216500
8845250
9694750
11300000
11579750
11701500
11751000
1579250
1793250
203750
2797750
282500
3895750
4907500
5440750
6458000
7810250
8280500
8573000
861750
8701250
9055750
1063000
11225500
1561250
2975500
3350250
418500
4606000
5865750
6140500
6634500
7785250
7898750
8060000
8385000
11503250
11613500
11747250
12386500
3031750
3114000
405000
4256000
4880250
5354000
563500
5642000
6412750
6572500
10052000
11397250
11761750
1838000
3903500
5292000
5407750
5742000
5952250
6258500
6433000
7149500
7450000
8051750
8100250
9069000
9438000
10312750
10477000
10521000
10715500
1525000
1855750
236000
239250
4037500
5059000
6358500
6694750
847750
